Время	Канал A	Канал B
(uс)	(mВ)	(mВ)

-25.06740840	-4.44084900	3.32834800
-25.04240840	-4.33402500	3.16048100
-25.01740841	-4.62397700	3.09791200
-24.99240841	-5.26492500	3.14369400
-24.96740841	-5.34122800	3.21389300
-24.94240841	-4.80710500	3.30850900
-24.91740841	-5.02075400	3.36955200
-24.89240841	-5.96691500	3.39396900
-24.86740842	-5.96691500	3.33445200
-24.84240842	-5.05127500	3.19710700
-24.81740842	-4.73080200	3.09333400
-24.79240842	-5.03601500	3.03076500
-24.76740842	-5.17336100	3.08417800
-24.74240842	-5.21914200	3.25509700
-24.71740842	-4.91392900	3.33597900
-24.69240843	-4.31876400	3.31919200
-24.66740843	-3.79990200	3.31614000
-24.64240843	-3.43364600	3.32071800
-24.61740843	-3.25051900	3.30087900
-24.59240843	-3.34208300	3.26425300
-24.56740843	-3.14369400	3.21236700
-24.54240843	-2.74691700	3.14827300
-24.51740844	-2.42644400	3.15895500
-24.49240844	-2.25857600	3.24746700
-24.46740844	-2.18227300	3.28561800
-24.44240844	-2.24331600	3.26730500
-24.41740844	-2.06018800	3.31614000
-24.39240844	-1.67867200	3.42601600
-24.36740844	-1.28189500	3.42449000
-24.34240845	-0.97668160	3.30850900
-24.31740845	-0.38151630	3.29172300
-24.29240845	0.39677690	3.37718200
-24.26740845	0.76303260	3.32682200
-24.24240845	0.67146860	3.14216800
-24.21740845	0.73251120	3.15285100
-24.19240846	0.90037840	3.35734300
-24.16740846	1.20559100	3.42143800
-24.14240846	1.60236800	3.34666100
-24.11740846	1.90758100	3.29324900
-24.09240846	2.07544900	3.25967500
-24.06740846	2.15175200	3.21999800
-24.04240846	2.09070900	3.17879400
-24.01740847	2.27383700	3.18947600
-23.99240847	2.64009300	3.25051900
-23.96740847	3.15895500	3.30240500
-23.94240847	3.75412000	3.34818700
-23.91740847	4.05933300	3.30698300
-23.89240847	4.01355100	3.17879400
-23.86740847	3.89146600	3.12996000
-23.84240848	3.64729500	3.16658500
-23.81740848	3.64729500	3.16505900
-23.79240848	3.86094500	3.12843400
-23.76740848	4.05933300	3.18642400
-23.74240848	4.18141800	3.32987400
-23.71740848	4.57819500	3.40007300
-23.69240848	5.15810000	3.38481300
-23.66740849	5.46331300	3.38328600
-23.64240849	5.49383400	3.38633800
-23.61740849	5.06653600	3.36650000
-23.59240849	4.22720000	3.32071800
-23.56740849	3.93724800	3.33140000
-23.54240849	4.21194000	3.39854700
-23.51740850	4.44084900	3.42143800
-23.49240850	4.65449900	3.40312500
-23.46740850	4.65449900	3.34360900
-23.44240850	4.44084900	3.24899300
-23.41740850	4.22720000	3.18795000
-23.39240850	4.01355100	3.16353300
-23.36740850	4.02881200	3.21847100
-23.34240851	4.27298200	3.35276500
-23.31740851	4.28824300	3.35123900
-23.29240851	4.04407300	3.21084100
-23.26740851	3.93724800	3.18795000
-23.24240851	3.93724800	3.27951400
-23.21740851	4.04407300	3.33140000
-23.19240851	4.28824300	3.34055700
-23.16740852	4.27298200	3.34666100
-23.14240852	4.02881200	3.34360900
-23.11740852	4.02881200	3.35123900
-23.09240852	4.27298200	3.36650000
-23.06740852	4.28824300	3.41075600
-23.04240852	4.04407300	3.48400700
-23.01740852	3.93724800	3.43517300
-22.99240853	3.93724800	3.26425300
-22.96740853	4.05933300	3.20168500
-22.94240853	4.31876400	3.24746700
-22.91740853	4.21194000	3.32071800
-22.89240853	3.78464200	3.42754200
-22.86740853	3.49468900	3.42601600
-22.84240854	3.38786500	3.31614000
-22.81740854	2.97582700	3.26272700
-22.79240854	2.36540100	3.26577900
-22.76740854	2.06018800	3.31003500
-22.74240854	2.16701200	3.40007300
-22.71740854	1.99914500	3.39854700
-22.69240854	1.61762900	3.30393100
-22.66740855	1.20559100	3.28104000
-22.64240855	0.83933580	3.32682200
-22.61740855	0.53412280	3.36039600
-22.59240855	0.36625560	3.38786500
-22.56740855	0.27469170	3.34666100
-22.54240855	0.30521300	3.23373200
-22.51740855	0.32047370	3.23525800
-22.49240856	0.35099500	3.34818700
-22.46740856	0.16786720	3.38176000
-22.44240856	-0.22890980	3.34208300
-22.41740856	-0.42729820	3.28104000
-22.39240856	-0.39677690	3.20168500
-22.36740856	-0.28995240	3.16200700
-22.34240857	-0.09156390	3.15895500
-22.31740857	0.09156390	3.21084100
-22.29240857	0.27469170	3.31766600
-22.26740857	0.25943110	3.33445200
-22.24240857	0.04578195	3.25967500
-22.21740857	0.03052130	3.25051900
-22.19240857	0.21364910	3.30545700
-22.16740858	0.39677690	3.29630100
-22.14240858	0.59516540	3.22610200
-22.11740858	0.70198990	3.22762800
-22.09240858	0.70198990	3.30240500
-22.06740858	0.59516540	3.29172300
-22.04240858	0.39677690	3.19710700
-22.01740858	0.19838850	3.18489800
-21.99240859	-0.04578195	3.25204500
-21.96740859	0.25943110	3.29172300
-21.94240859	1.05298500	3.30393100
-21.91740859	1.64815000	3.33292600
-21.89240859	1.98388500	3.37565600
-21.86740859	2.27383700	3.36497400
-21.84240859	2.44170400	3.30087900
-21.81740860	2.51800700	3.27035800
-21.79240860	2.45696500	3.27646200
-21.76740860	2.68587400	3.27035800
-21.74240860	3.21999700	3.24288800
-21.71740860	2.88426300	3.38328600
-21.69240860	1.66341100	3.68239500
-21.66740861	1.64815000	3.73122900
-21.64240861	2.82322000	3.52521100
-21.61740861	3.35734300	3.41228200
-21.59240861	3.20473700	3.39091700
-21.56740861	3.38786500	3.37870800
-21.54240861	3.84568400	3.38786500
-21.51740861	3.95250800	3.35886900
-21.49240862	3.70833800	3.29630100
-21.46740862	3.49468900	3.27798800
-21.44240862	3.28104000	3.30393100
-21.41740862	3.28104000	3.32529600
-21.39240862	3.49468900	3.34666100
-21.36740862	3.69307800	3.32377000
-21.34240862	3.84568400	3.25509700
-21.31740863	4.13563600	3.25509700
-21.29240863	4.53241300	3.32224400
-21.26740863	4.82236600	3.35276500
-21.24240863	4.94445100	3.34818700
-21.21740863	5.23440300	3.33750500
-21.19240863	5.63118000	3.31614000
-21.16740863	5.69222300	3.32987400
-21.14240864	5.35648800	3.38328600
-21.11740864	5.64644100	3.33903100
-21.09240864	6.50103700	3.19863200
-21.06740864	7.03516000	3.21847100
-21.04240864	7.20302700	3.40159900
-21.01740864	7.06568100	3.43212100
-20.99240865	6.54681900	3.31308700
-20.96740865	6.65364400	3.28104000
-20.94240865	7.38615500	3.33292600
-20.91740865	7.49298000	3.33750500
-20.89240865	6.95885700	3.29782700
-20.86740865	6.92833600	3.25662300
-20.84240865	7.38615500	3.21084100
-20.81740866	7.70662900	3.24288800
-20.79240866	7.92027800	3.34971300
-20.76740866	7.79819300	3.37870800
-20.74240866	7.30985200	3.32377000
-20.71740866	7.30985200	3.33140000
-20.69240866	7.82871400	3.39854700
-20.66740866	7.82871400	3.42143800
-20.64240867	7.30985200	3.40312500
-20.61740867	7.30985200	3.34208300
-20.59240867	7.82871400	3.23831000
-20.56740867	7.84397500	3.21847100
-20.54240867	7.41667600	3.28104000
-20.51740867	6.98937800	3.35123900
-20.49240867	6.59260100	3.42449000
-20.46740868	6.48577600	3.45348500
-20.44240868	6.72994700	3.43212100
-20.41740868	6.95885700	3.40159900
-20.39240868	7.21828800	3.36497400
-20.36740868	7.00463900	3.32377000
-20.34240868	6.33317000	3.28104000
-20.31740869	6.02795700	3.30393100
-20.29240869	6.11952100	3.39549500
-20.26740869	6.02795700	3.40770300
-20.24240869	5.78378700	3.34055700
-20.21740869	5.79904700	3.30087900
-20.19240869	6.04321800	3.28867100
-20.16740869	6.07373900	3.26120100
-20.14240870	5.89061100	3.22152400
-20.11740870	5.49383400	3.21236700
-20.09240870	4.91392900	3.23373200
-20.06740870	4.62397700	3.24288800
-20.04240870	4.68502000	3.23983600
-20.01740870	4.71554100	3.24746700
-19.99240870	4.80710500	3.26272700
-19.96740871	4.39506700	3.30393100
-19.94240871	3.50995000	3.36802600
-19.91740871	3.21999700	3.36802600
-19.89240871	3.58625300	3.30087900
-19.86740871	3.40312500	3.27035800
-19.84240871	2.79269900	3.27646200
-19.81740871	2.25857600	3.27951400
-19.79240872	1.87706000	3.28256600
-19.76740872	1.78549600	3.26425300
-19.74240872	2.02966700	3.22305000
-19.71740872	2.24331600	3.21236700
-19.69240872	2.48748600	3.23068000
-19.66740872	2.38066100	3.24899300
-19.64240873	1.92284200	3.26272700
-19.61740873	1.72445400	3.30545700
-19.59240873	1.78549600	3.37870800
-19.56740873	1.69393200	3.33597900
-19.54240873	1.51080400	3.17726800
-19.51740873	1.29715500	3.15437700
-19.49240873	1.11402800	3.26577900
-19.46740874	1.00720300	3.34818700
-19.44240874	1.03772400	3.39396900
-19.41740874	1.02246400	3.44432900
-19.39240874	0.97668160	3.49163700
-19.36740874	1.19033100	3.43975100
-19.34240874	1.64815000	3.29324900
-19.31740874	1.75497500	3.22152400
-19.29240875	1.49554400	3.23068000
-19.26740875	1.38871900	3.26425300
-19.24240875	1.41924000	3.33140000
-19.21740875	1.34293700	3.32834800
-19.19240875	1.17507000	3.24899300
-19.16740875	0.86985710	3.28104000
-19.14240876	0.47308020	3.42754200
-19.11740876	0.18312780	3.39549500
-19.09240876	0.03052130	3.18795000
-19.06740876	0.04578195	3.16658500
-19.04240876	0.24417040	3.33445200
-19.01740876	0.33573430	3.37870800
-18.99240876	0.36625560	3.30393100
-18.96740877	0.18312780	3.27035800
-18.94240877	-0.15260650	3.27646200
-18.91740877	-0.64094730	3.27951400
-18.89240877	-1.22085200	3.28256600
-18.86740877	-1.61762900	3.26120100
-18.84240877	-1.77023600	3.20931500
-18.81740877	-1.86179900	3.24899300
-18.79240878	-1.89232100	3.37718200
-18.76740878	-1.67867200	3.42601600
-18.74240878	-1.28189500	3.39244300
-18.71740878	-0.94616040	3.37870800
-18.69240878	-0.71725060	3.38176000
-18.66740878	-0.93089970	3.38176000
-18.64240878	-1.60236800	3.37870800
-18.61740879	-1.93810300	3.38786500
-18.59240879	-1.95336300	3.40617800
-18.56740879	-1.51080400	3.43517300
-18.54240879	-0.59516540	3.47485000
-18.51740879	-0.48834080	3.48400700
-18.49240879	-1.23611300	3.46569400
-18.46740880	-1.48028300	3.42601600
-18.44240880	-1.25137300	3.37413000
-18.41740880	-0.90037840	3.31308700
-18.39240880	-0.42729820	3.25051900
-18.36740880	-0.54938340	3.26425300
-18.34240880	-1.25137300	3.35886900
-18.31740880	-1.46502200	3.36802600
-18.29240881	-1.19033100	3.28714400
-18.26740881	-1.08350600	3.31766600
-18.24240881	-1.11402800	3.45806400
-18.21740881	-1.05298500	3.44585500
-18.19240881	-0.94616040	3.27188400
-18.16740881	-0.30521300	3.29172300
-18.14240881	0.83933580	3.49926700
-18.11740882	0.70198990	3.53131500
-18.09240882	-0.70198990	3.39091700
-18.06740882	-1.03772400	3.33903100
-18.04240882	-0.28995240	3.38176000
-18.01740882	0.13734590	3.35429100
-17.99240882	0.25943110	3.26272700
-17.96740882	0.35099500	3.25204500
-17.94240883	0.41203760	3.32071800
-17.91740883	0.00000000	3.35276500
-17.89240883	-0.88511780	3.34666100
-17.86740883	-0.97668160	3.34360900
-17.84240883	-0.24417040	3.33903100
-17.81740883	0.07630325	3.36039600
-17.79240884	0.01526065	3.40617800
-17.76740884	-0.01526065	3.41686000
-17.74240884	-0.04578195	3.39549500
-17.71740884	0.15260650	3.36192200
-17.69240884	0.57990470	3.31003500
-17.66740884	0.57990470	3.36192200
-17.64240884	0.18312780	3.51452800
-17.61740885	-0.13734590	3.53741900
-17.59240885	-0.35099500	3.43059400
-17.56740885	-0.22890980	3.33903100
-17.54240885	0.25943110	3.26577900
-17.51740885	0.06104260	3.23678400
-17.49240885	-0.76303260	3.26120100
-17.46740885	-1.29715500	3.30393100
-17.44240886	-1.49554400	3.36802600
-17.41740886	-1.26663400	3.36650000
-17.39240886	-0.65620800	3.29324900
-17.36740886	-0.13734590	3.29324900
-17.34240886	0.19838850	3.36192200
-17.31740886	0.28995240	3.38328600
-17.29240886	0.07630325	3.36192200
-17.26740887	0.00000000	3.31766600
-17.24240887	0.10682460	3.24899300
-17.21740887	-0.33573430	3.26883200
-17.19240887	-1.29715500	3.37565600
-17.16740887	-1.20559100	3.44738100
-17.14240887	-0.09156390	3.48248100
-17.11740888	0.44255890	3.47179800
-17.09240888	0.35099500	3.41686000
-17.06740888	0.24417040	3.33597900
-17.04240888	0.06104260	3.23220600
-17.01740888	-0.01526065	3.23831000
-16.99240888	0.00000000	3.36344700
-16.96740888	0.00000000	3.33140000
-16.94240889	-0.01526065	3.14216800
-16.91740889	0.07630325	3.16048100
-16.89240889	0.28995240	3.38633800
-16.86740889	0.18312780	3.43517300
-16.84240889	-0.22890980	3.30393100
-16.81740889	-0.41203760	3.31308700
-16.79240889	-0.38151630	3.46264200
-16.76740890	-0.35099500	3.43517300
-16.74240890	-0.30521300	3.23373200
-16.71740890	-0.53412280	3.17116300
-16.69240890	-1.02246400	3.24441500
-16.66740890	-0.93089970	3.30850900
-16.64240890	-0.24417040	3.36497400
-16.61740890	0.07630325	3.38176000
-16.59240891	0.00000000	3.35581700
-16.56740891	0.07630325	3.33445200
-16.54240891	0.28995240	3.31003500
-16.51740891	0.18312780	3.34208300
-16.49240891	-0.27469170	3.42754200
-16.46740891	-0.27469170	3.43822500
-16.44240892	0.15260650	3.37565600
-16.41740892	0.33573430	3.31461400
-16.39240892	0.22890980	3.25814900
-16.36740892	0.54938340	3.24136200
-16.34240892	1.23611300	3.27188400
-16.31740892	1.31241600	3.27646200
-16.29240892	0.76303260	3.26730500
-16.26740893	0.83933580	3.18489800
-16.24240893	1.52606500	3.02923900
-16.21740893	1.83127800	3.04755200
-16.19240893	1.70919300	3.23373200
-16.16740893	2.01440600	3.37565600
-16.14240893	2.70113500	3.47027200
-16.11740893	2.80796000	3.45195900
-16.09240894	2.33488000	3.30545700
-16.06740894	1.98388500	3.31919200
-16.04240894	1.75497500	3.49621500
-16.01740894	1.98388500	3.45806400
-15.99240894	2.68587400	3.20778900
-15.96740894	2.80796000	3.14674600
-15.94240894	2.33488000	3.27493600
-15.91740895	1.99914500	3.31766600
-15.89240895	1.81601700	3.27493600
-15.86740895	1.81601700	3.31614000
-15.84240895	2.06018800	3.43517300
-15.81740895	2.18227300	3.39549500
-15.79240895	2.22805500	3.19710700
-15.76740896	1.90758100	3.13301200
-15.74240896	1.23611300	3.20015900
-15.71740896	1.05298500	3.29324900
-15.69240896	1.38871900	3.41533400
-15.66740896	1.19033100	3.44280300
-15.64240896	0.51886210	3.36955200
-15.61740896	0.32047370	3.33750500
-15.59240897	0.65620800	3.34360900
-15.56740897	0.48834080	3.34513500
-15.54240897	-0.13734590	3.34208300
-15.51740897	-0.44255890	3.35123900
-15.49240897	-0.35099500	3.36344700
-15.46740897	-0.42729820	3.41686000
-15.44240897	-0.59516540	3.50842400
-15.41740898	-0.91563900	3.48705900
-15.39240898	-1.31241600	3.35276500
-15.36740898	-1.51080400	3.32529600
-15.34240898	-1.44976200	3.41380800
-15.31740898	-1.54132600	3.36497400
-15.29240898	-1.72445400	3.18795000
-15.26740899	-1.92284200	3.14522000
-15.24240899	-2.10597000	3.23983600
-15.21740899	-2.30435800	3.30393100
-15.19240899	-2.48748600	3.33750500
-15.16740899	-2.57905000	3.33903100
-15.14240899	-2.54852900	3.30545700
-15.11740899	-2.64009300	3.23525800
-15.09240900	-2.85374200	3.12843400
-15.06740900	-2.94530600	3.12996000
-15.04240900	-2.91478400	3.23983600
-15.01740900	-3.00634800	3.29019600
-14.99240900	-3.25051900	3.27493600
-14.96740900	-3.25051900	3.29172300
-14.94240900	-3.03687000	3.33140000
-14.91740901	-2.82322000	3.35123900
-14.89240901	-2.64009300	3.34818700
-14.86740901	-2.53326800	3.33750500
-14.84240901	-2.56378900	3.31614000
-14.81740901	-2.57905000	3.32834800
-14.79240901	-2.62483200	3.38023400
-14.76740901	-2.41118300	3.34971300
-14.74240902	-2.01440600	3.24288800
-14.71740902	-1.72445400	3.21236700
-14.69240902	-1.61762900	3.25814900
-14.66740902	-1.22085200	3.29019600
-14.64240902	-0.64094730	3.30850900
-14.61740902	-0.13734590	3.32071800
-14.59240903	0.22890980	3.32987400
-14.56740903	0.19838850	3.27035800
-14.54240903	-0.25943110	3.14827300
-14.51740903	-0.28995240	3.09486000
-14.49240903	0.10682460	3.11012100
-14.46740903	0.50360150	3.19100200
-14.44240903	0.90037840	3.33445200
-14.41740904	1.06824600	3.39244300
-14.39240904	0.96142100	3.35886900
-14.36740904	1.26663400	3.33750500
-14.34240904	1.87706000	3.32834800
-14.31740904	2.30435800	3.28867100
-14.29240904	2.50274700	3.22457600
-14.26740904	2.36540100	3.22610200
-14.24240905	1.87706000	3.29477500
-14.21740905	1.87706000	3.31308700
-14.19240905	2.39592200	3.27951400
-14.16740905	2.41118300	3.29477500
-14.14240905	1.95336300	3.34971300
-14.11740905	1.64815000	3.42449000
-14.09240905	1.49554400	3.52215800
-14.06740906	1.29715500	3.45043300
-14.04240906	1.08350600	3.20626300
-14.01740906	1.09876700	3.14827300
-13.99240906	1.40398000	3.27951400
-13.96740906	1.20559100	3.30698300
-13.94240906	0.56464410	3.23831000
-13.91740907	0.15260650	3.19558000
-13.89240907	0.03052130	3.17726800
-13.86740907	0.04578195	3.18032000
-13.84240907	0.28995240	3.20473700
-13.81740907	0.21364910	3.20321100
-13.79240907	-0.10682460	3.16963700
-13.76740907	-0.73251120	3.20778900
-13.74240908	-1.58710800	3.31461400
-13.71740908	-1.77023600	3.34360900
-13.69240908	-1.22085200	3.29782700
-13.66740908	-1.17507000	3.26577900
-13.64240908	-1.55658600	3.25357100
-13.61740908	-2.21279400	3.22457600
-13.59240908	-3.08265100	3.18489800
-13.56740909	-3.17421500	3.17574200
-13.54240909	-2.42644400	3.19405400
-13.51740909	-2.18227300	3.23678400
-13.49240909	-2.41118300	3.30087900
-13.46740909	-2.74691700	3.30240500
-13.44240909	-3.20473700	3.24441500
-13.41740909	-3.20473700	3.17268900
-13.39240910	-2.73165700	3.09333400
-13.36740910	-2.50274700	3.07196900
-13.34240910	-2.54852900	3.11164700
-13.31740910	-2.54852900	3.17268900
-13.29240910	-2.48748600	3.25509700
-13.26740910	-2.80796000	3.27493600
-13.24240911	-3.50995000	3.22915400
-13.21740911	-3.50995000	3.19863200
-13.19240911	-2.76217800	3.18337200
-13.16740911	-2.64009300	3.16048100
-13.14240911	-3.17421500	3.12690700
-13.11740911	-3.17421500	3.18795000
-13.09240911	-2.64009300	3.34055700
-13.06740912	-2.76217800	3.37107800
-13.04240912	-3.52521000	3.27646200
-13.01740912	-3.43364600	3.22457600
-12.99240912	-2.48748600	3.21847100
-12.96740912	-2.16701200	3.20015900
-12.94240912	-2.47222500	3.17421600
-12.91740912	-2.59431100	3.19405400
-12.89240913	-2.59431100	3.25814900
-12.86740913	-2.48748600	3.27646200
-12.84240913	-2.27383700	3.24288800
-12.81740913	-2.16701200	3.25967500
-12.79240913	-2.19753400	3.32071800
-12.76740913	-2.21279400	3.36344700
-12.74240913	-2.25857600	3.39091700
-12.71740914	-2.04492700	3.34055700
-12.69240914	-1.58710800	3.21236700
-12.66740914	-1.48028300	3.17421600
-12.64240914	-1.73971400	3.22915400
-12.61740914	-1.87706000	3.22762800
-12.59240914	-1.92284200	3.16963700
-12.56740915	-1.60236800	3.23068000
-12.54240915	-0.93089970	3.40770300
-12.51740915	-0.71725060	3.41838600
-12.49240915	-0.93089970	3.26272700
-12.46740915	-1.35819800	3.20168500
-12.44240915	-1.99914500	3.23983600
-12.41740915	-2.18227300	3.22152400
-12.39240916	-1.84653900	3.15895500
-12.36740916	-2.04492700	3.12843400
-12.34240916	-2.71639600	3.12996000
-12.31740916	-2.93004500	3.15437700
-12.29240916	-2.65535300	3.20168500
-12.26740916	-2.54852900	3.20168500
-12.24240916	-2.57905000	3.15437700
-12.21740917	-2.48748600	3.12843400
-12.19240917	-2.30435800	3.12080300
-12.16740917	-2.09070900	3.18032000
-12.14240917	-1.84653900	3.30240500
-12.11740917	-1.93810300	3.36192200
-12.09240917	-2.31961900	3.35886900
-12.06740918	-2.86900200	3.31766600
-12.04240918	-3.55573200	3.23831000
-12.01740918	-3.43364600	3.20015900
-11.99240918	-2.51800700	3.20626300
-11.96740918	-2.09070900	3.21694500
-11.94240918	-2.15175200	3.23525800
-11.91740918	-2.28909800	3.24441500
-11.89240919	-2.56378900	3.24746700
-11.86740919	-2.36540100	3.22610200
-11.84240919	-1.72445400	3.18489800
-11.81740919	-1.31241600	3.17421600
-11.79240919	-1.19033100	3.18947600
-11.76740919	-1.00720300	3.25204500
-11.74240919	-0.82407520	3.35886900
-11.71740920	-0.64094730	3.36039600
-11.69240920	-0.45781950	3.25509700
-11.66740920	-0.28995240	3.18184600
-11.64240920	-0.16786720	3.14522000
-11.61740920	0.33573430	3.14522000
-11.59240920	1.17507000	3.18642400
-11.56740920	1.35819800	3.23831000
-11.54240921	0.83933580	3.29935300
-11.51740921	0.62568670	3.30698300
-11.49240921	0.71725060	3.25814900
-11.46740921	0.51886210	3.23831000
-11.44240921	0.06104260	3.25051900
-11.41740921	0.16786720	3.21236700
-11.39240922	0.83933580	3.12996000
-11.36740922	1.03772400	3.11164700
-11.34240922	0.79355380	3.16048100
-11.31740922	0.57990470	3.17116300
-11.29240922	0.39677690	3.14369400
-11.26740922	0.21364910	3.14216800
-11.24240922	0.03052130	3.16353300
-11.21740923	0.06104260	3.18337200
-11.19240923	0.33573430	3.19863200
-11.16740923	0.01526065	3.22762800
-11.14240923	-0.88511780	3.26120100
-11.11740923	-0.94616040	3.29324900
-11.09240923	-0.13734590	3.32071800
-11.06740923	-0.22890980	3.27798800
-11.04240924	-1.14454900	3.15895500
-11.01740924	-1.57184700	3.16963700
-10.99240924	-1.48028300	3.30850900
-10.96740924	-1.46502200	3.33140000
-10.94240924	-1.46502200	3.23678400
-10.91740924	-1.46502200	3.21541900
-10.89240924	-1.43450100	3.26425300
-10.86740925	-1.55658600	3.27798800
-10.84240925	-1.83127800	3.25967500
-10.81740925	-1.60236800	3.20931500
-10.79240925	-0.85459640	3.12690700
-10.76740925	-0.97668160	3.11775100
-10.74240925	-1.95336300	3.18032000
-10.71740926	-2.06018800	3.23831000
-10.69240926	-1.29715500	3.28714400
-10.66740926	-1.17507000	3.34818700
-10.64240926	-1.69393200	3.42143800
-10.61740926	-1.80075700	3.36039600
-10.59240926	-1.49554400	3.17116300
-10.56740926	-1.58710800	3.09028200
-10.54240927	-2.04492700	3.12843400
-10.51740927	-2.24331600	3.12996000
-10.49240927	-2.18227300	3.09638600
-10.46740927	-2.25857600	3.15590300
-10.44240927	-2.42644400	3.29935300
-10.41740927	-2.74691700	3.35429100
-10.39240927	-3.20473700	3.32071800
-10.36740928	-3.17421500	3.19558000
-10.34240928	-2.64009300	2.97887900
-10.31740928	-2.73165700	2.96819700
-10.29240928	-3.40312500	3.16811100
-10.26740928	-3.81516300	3.27341000
-10.24240928	-3.92198700	3.27951400
-10.21740928	-4.19667900	3.26577900
-10.19240929	-4.56293400	3.21999800
-10.16740929	-4.95971200	3.21999800
-10.14240929	-5.31070700	3.26272700
-10.11740929	-5.46331300	3.28256600
-10.09240929	-5.35648800	3.27646200
-10.06740929	-5.66170100	3.28867100
-10.04240930	-6.30264900	3.32071800
-10.01740930	-6.62312200	3.28104000
-9.99240930	-6.60786200	3.17726800
-9.96740930	-6.37895200	3.11927700
-9.94240930	-5.95165400	3.11317300
-9.91740930	-5.75326500	3.09638600
-9.89240930	-5.81430800	3.07196900
-9.86740931	-5.72274400	3.07960000
-9.84240931	-5.52435500	3.11469900
-9.81740931	-5.32596700	3.16353300
-9.79240931	-5.14283900	3.21541900
-9.76740931	-5.26492500	3.26577900
-9.74240931	-5.73800500	3.30698300
-9.71740931	-5.63118000	3.30240500
-9.69240932	-5.02075400	3.24441500
-9.66740932	-4.62397700	3.27646200
-9.64240932	-4.53241300	3.40159900
-9.61740932	-4.13563600	3.37260400
-9.59240932	-3.52521000	3.19252800
-9.56740932	-3.21999700	3.12996000
-9.54240932	-3.28104000	3.17879400
-9.51740933	-3.29630100	3.25204500
-9.49240933	-3.32682200	3.34971300
-9.46740933	-3.25051900	3.38939100
-9.44240933	-3.14369400	3.36802600
-9.41740933	-2.51800700	3.30545700
-9.39240933	-1.41924000	3.19863200
-9.36740934	-1.12928800	3.19405400
-9.34240934	-1.70919300	3.29630100
-9.31740934	-1.73971400	3.28714400
-9.29240934	-1.31241600	3.17421600
-9.26740934	-0.90037840	3.12843400
-9.24240934	-0.53412280	3.14522000
-9.21740934	-0.22890980	3.22915400
-9.19240935	-0.06104260	3.37870800
-9.16740935	0.00000000	3.40923000
-9.14240935	-0.12208520	3.32071800
-9.11740935	0.38151630	3.23678400
-9.09240935	1.43450100	3.15742900
-9.06740935	1.83127800	3.14979800
-9.04240935	1.55658600	3.21999800
-9.01740936	1.23611300	3.24288800
-8.99240936	0.83933580	3.21694500
-8.96740936	0.54938340	3.21389300
-8.94240936	0.39677690	3.23220600
-8.91740936	0.19838850	3.25204500
-8.89240936	-0.01526065	3.27646200
-8.86740937	0.19838850	3.26577900
-8.84240937	0.82407520	3.22305000
-8.81740937	1.12928800	3.21236700
-8.79240937	1.11402800	3.23068000
-8.76740937	0.90037840	3.25051900
-8.74240937	0.50360150	3.27035800
-8.71740937	0.10682460	3.28104000
-8.69240938	-0.25943110	3.27798800
-8.66740938	-0.33573430	3.27798800
-8.64240938	-0.09156390	3.27798800
-8.61740938	0.03052130	3.27951400
-8.59240938	0.03052130	3.28867100
-8.56740938	-0.07630325	3.24746700
-8.54240938	-0.32047370	3.15895500
-8.51740939	-0.32047370	3.14979800
-8.49240939	-0.07630325	3.22457600
-8.46740939	0.03052130	3.22610200
-8.44240939	0.06104260	3.15742900
-8.41740939	-0.16786720	3.13759000
-8.39240939	-0.64094730	3.16811100
-8.36740939	-0.61042600	3.16963700
-8.34240940	-0.07630325	3.14522000
-8.31740940	-0.16786720	3.13606400
-8.29240940	-0.85459640	3.14216800
-8.26740940	-1.17507000	3.12080300
-8.24240940	-1.11402800	3.06891700
-8.21740940	-1.09876700	3.10706900
-8.19240941	-1.09876700	3.22305000
-8.16740941	-1.11402800	3.32224400
-8.14240941	-1.20559100	3.38939100
-8.11740941	-0.79355380	3.43822500
-8.09240941	0.06104260	3.46264200
-8.06740941	0.27469170	3.39854700
-8.04240941	-0.18312780	3.24899300
-8.01740942	-0.50360150	3.23068000
-7.99240942	-0.71725060	3.35276500
-7.96740942	-0.61042600	3.36192200
-7.94240942	-0.15260650	3.25814900
-7.91740942	0.04578195	3.27646200
-7.89240942	-0.01526065	3.41686000
-7.86740942	0.06104260	3.43059400
-7.84240943	0.25943110	3.32377000
-7.81740943	0.25943110	3.24288800
-7.79240943	0.04578195	3.18489800
-7.76740943	0.04578195	3.18642400
-7.74240943	0.25943110	3.25051900
-7.71740943	0.25943110	3.30087900
-7.69240943	0.06104260	3.34055700
-7.66740944	-0.01526065	3.32834800
-7.64240944	0.00000000	3.26577900
-7.61740944	0.00000000	3.22610200
-7.59240944	0.00000000	3.20778900
-7.56740944	0.00000000	3.23220600
-7.54240944	0.03052130	3.30087900
-7.51740945	-0.09156390	3.29782700
-7.49240945	-0.33573430	3.22152400
-7.46740945	-0.25943110	3.24288800
-7.44240945	0.15260650	3.36497400
-7.41740945	0.36625560	3.33597900
-7.39240945	0.33573430	3.15895500
-7.36740945	0.24417040	3.11012100
-7.34240946	0.06104260	3.19100200
-7.31740946	-0.01526065	3.20168500
-7.29240946	0.01526065	3.14827300
-7.26740946	-0.07630325	3.14674600
-7.24240946	-0.28995240	3.19252800
-7.21740946	-0.38151630	3.22305000
-7.19240946	-0.35099500	3.23678400
-7.16740947	-0.44255890	3.24441500
-7.14240947	-0.62568670	3.24441500
-7.11740947	-0.83933580	3.23525800
-7.09240947	-1.02246400	3.21999800
-7.06740947	-1.15980900	3.20015900
-7.04240947	-1.26663400	3.17574200
-7.01740947	-0.64094730	3.18489800
-6.99240948	0.62568670	3.22457600
-6.96740948	1.11402800	3.25662300
-6.94240948	0.74777190	3.28104000
-6.91740948	0.73251120	3.24899300
-6.89240948	1.00720300	3.15742900
-6.86740948	0.91563900	3.15742900
-6.84240949	0.45781950	3.25357100
-6.81740949	0.24417040	3.26730500
-6.79240949	0.27469170	3.19863200
-6.76740949	0.38151630	3.16505900
-6.74240949	0.59516540	3.16811100
-6.71740949	0.70198990	3.18795000
-6.69240949	0.73251120	3.22762800
-6.66740950	0.51886210	3.24746700
-6.64240950	0.06104260	3.24746700
-6.61740950	0.16786720	3.22762800
-6.59240950	0.80881450	3.19252800
-6.56740950	1.12928800	3.15437700
-6.54240950	1.12928800	3.11775100
-6.51740950	0.83933580	3.10859500
-6.49240951	0.27469170	3.13301200
-6.46740951	-0.22890980	3.13148600
-6.44240951	-0.62568670	3.10401700
-6.41740951	-0.70198990	3.13301200
-6.39240951	-0.42729820	3.21236700
-6.36740951	-0.41203760	3.25357100
-6.34240951	-0.65620800	3.25662300
-6.31740952	-0.76303260	3.20168500
-6.29240952	-0.73251120	3.08875600
-6.26740952	-0.73251120	3.10706900
-6.24240952	-0.70198990	3.25357100
-6.21740952	-0.80881450	3.35429100
-6.19240952	-1.02246400	3.40007300
-6.16740953	-1.11402800	3.42754200
-6.14240953	-1.08350600	3.43059400
-6.11740953	-1.15980900	3.39091700
-6.09240953	-1.32767700	3.31766600
-6.06740953	-1.64815000	3.23678400
-6.04240953	-2.04492700	3.15895500
-6.01740953	-2.24331600	3.14369400
-5.99240954	-2.18227300	3.20168500
-5.96740954	-2.27383700	3.19252800
-5.94240954	-2.51800700	3.11927700
-5.91740954	-2.50274700	3.12843400
-5.89240954	-2.22805500	3.21389300
-5.86740954	-2.31961900	3.24288800
-5.84240954	-2.77743800	3.21084100
-5.81740955	-2.99108700	3.23220600
-5.79240955	-2.94530600	3.30087900
-5.76740955	-2.91478400	3.29935300
-5.74240955	-2.86900200	3.22457600
-5.71740955	-3.08265100	3.23220600
-5.69240955	-3.54047100	3.32071800
-5.66740955	-3.63203500	3.33903100
-5.64240956	-3.35734300	3.28561800
-5.61740956	-3.37260400	3.29935300
-5.59240956	-3.69307800	3.38481300
-5.56740956	-3.37260400	3.31308700
-5.54240956	-2.48748600	3.09028200
-5.51740956	-2.18227300	3.05823400
-5.49240957	-2.51800700	3.21999800
-5.46740957	-2.44170400	3.30698300
-5.44240957	-1.98388500	3.32834800
-5.41740957	-1.77023600	3.26272700
-5.39240957	-1.81601700	3.10706900
-5.36740957	-1.86179900	3.09638600
-5.34240957	-1.96862400	3.23373200
-5.31740958	-1.44976200	3.28561800
-5.29240958	-0.39677690	3.25204500
-5.26740958	0.19838850	3.23983600
-5.24240958	0.27469170	3.24288800
-5.21740958	0.32047370	3.23525800
-5.19240958	0.28995240	3.21694500
-5.16740958	0.38151630	3.20931500
-5.14240959	0.56464410	3.21084100
-5.11740959	0.76303260	3.21084100
-5.09240959	0.94616040	3.21084100
-5.06740959	1.12928800	3.20931500
-5.04240959	1.28189500	3.20321100
-5.01740959	1.58710800	3.23525800
-4.99240960	2.01440600	3.30393100
-4.96740960	2.12123000	3.29630100
-4.94240960	1.87706000	3.21694500
-4.91740960	1.66341100	3.12690700
-4.89240960	1.44976200	3.02923900
-4.86740960	1.46502200	3.01092600
-4.84240960	1.73971400	3.07807400
-4.81740961	1.63289000	3.12690700
-4.79240961	1.14454900	3.15437700
-4.76740961	1.12928800	3.20168500
-4.74240961	1.58710800	3.26577900
-4.71740961	1.90758100	3.26425300
-4.69240961	2.12123000	3.19710700
-4.66740961	1.99914500	3.16658500
-4.64240962	1.51080400	3.17574200
-4.61740962	1.51080400	3.16658500
-4.59240962	1.99914500	3.14674600
-4.56740962	2.12123000	3.12996000
-4.54240962	1.90758100	3.12385600
-4.51740962	1.60236800	3.07044300
-4.49240962	1.23611300	2.96972300
-4.46740963	0.82407520	3.02923900
-4.44240963	0.42729820	3.23983600
-4.41740963	0.32047370	3.34208300
-4.39240963	0.53412280	3.32529600
-4.36740963	0.86985710	3.29935300
-4.34240963	1.34293700	3.25662300
-4.31740964	1.22085200	3.23525800
-4.29240964	0.51886210	3.23983600
-4.26740964	0.30521300	3.24441500
-4.24240964	0.61042600	3.25662300
-4.21740964	0.62568670	3.19558000
-4.19240964	0.41203760	3.06433900
-4.16740964	0.21364910	3.05670900
-4.14240965	0.03052130	3.17574200
-4.11740965	0.04578195	3.20778900
-4.09240965	0.24417040	3.14979800
-4.06740965	0.32047370	3.14827300
-4.04240965	0.30521300	3.19710700
-4.01740965	0.28995240	3.20931500
-3.99240965	0.24417040	3.18489800
-3.96740966	0.45781950	3.15895500
-3.94240966	0.88511780	3.12232900
-3.91740966	1.08350600	3.20168500
-3.89240966	1.02246400	3.39091700
-3.86740966	1.11402800	3.45195900
-3.84240966	1.35819800	3.37565600
-3.81740966	1.34293700	3.32224400
-3.79240967	1.03772400	3.28714400
-3.76740967	1.23611300	3.27951400
-3.74240967	1.90758100	3.30393100
-3.71740967	2.21279400	3.32529600
-3.69240967	2.12123000	3.34360900
-3.66740967	2.22805500	3.33445200
-3.64240968	2.48748600	3.29477500
-3.61740968	2.38066100	3.26577900
-3.59240968	1.92284200	3.25051900
-3.56740968	1.73971400	3.23220600
-3.54240968	1.84653900	3.21694500
-3.51740968	1.52606500	3.20778900
-3.49240968	0.82407520	3.20778900
-3.46740969	0.83933580	3.21694500
-3.44240969	1.60236800	3.23220600
-3.41740969	1.61762900	3.25051900
-3.39240969	0.91563900	3.26883200
-3.36740969	0.59516540	3.29019600
-3.34240969	0.68672930	3.31461400
-3.31740969	0.62568670	3.29477500
-3.29240970	0.51886210	3.22762800
-3.26740970	-0.10682460	3.21694500
-3.24240970	-1.15980900	3.26272700
-3.21740970	-1.43450100	3.28256600
-3.19240970	-0.88511780	3.27951400
-3.16740970	-0.73251120	3.27646200
-3.14240970	-0.93089970	3.27341000
-3.11740971	-1.35819800	3.29324900
-3.09240971	-2.02966700	3.34055700
-3.06740971	-2.12123000	3.32071800
-3.04240971	-1.60236800	3.22915400
-3.01740971	-1.48028300	3.22915400
-2.99240971	-1.73971400	3.32071800
-2.96740972	-1.84653900	3.34055700
-2.94240972	-1.81601700	3.29324900
-2.91740972	-1.92284200	3.27188400
-2.89240972	-2.18227300	3.27188400
-2.86740972	-2.07544900	3.29324900
-2.84240972	-1.61762900	3.33597900
-2.81740972	-1.40398000	3.33445200
-2.79240973	-1.44976200	3.28256600
-2.76740973	-1.48028300	3.30240500
-2.74240973	-1.54132600	3.39091700
-2.71740973	-1.23611300	3.42143800
-2.69240973	-0.59516540	3.39396900
-2.66740973	-0.27469170	3.37107800
-2.64240973	-0.28995240	3.34666100
-2.61740974	-0.51886210	3.35886900
-2.59240974	-0.94616040	3.40770300
-2.56740974	-1.15980900	3.40923000
-2.54240974	-1.15980900	3.36650000
-2.51740974	-0.93089970	3.32529600
-2.49240974	-0.44255890	3.28867100
-2.46740974	-0.53412280	3.28104000
-2.44240975	-1.22085200	3.30850900
-2.41740975	-1.54132600	3.30850900
-2.39240975	-1.48028300	3.28104000
-2.36740975	-1.46502200	3.29172300
-2.34240975	-1.46502200	3.34360900
-2.31740975	-1.46502200	3.31308700
-2.29240976	-1.49554400	3.20015900
-2.26740976	-1.38871900	3.19252800
-2.24240976	-1.14454900	3.29019600
-2.21740976	-1.14454900	3.30240500
-2.19240976	-1.38871900	3.22915400
-2.16740976	-1.49554400	3.21541900
-2.14240976	-1.46502200	3.25814900
-2.11740977	-1.48028300	3.29782700
-2.09240977	-1.54132600	3.33445200
-2.06740977	-1.23611300	3.34513500
-2.04240977	-0.56464410	3.32682200
-2.01740977	-0.38151630	3.29782700
-1.99240977	-0.71725060	3.25662300
-1.96740977	-0.56464410	3.23525800
-1.94240978	0.00000000	3.23831000
-1.91740978	0.62568670	3.24746700
-1.89240978	1.25137300	3.25967500
-1.86740978	1.32767700	3.31003500
-1.84240978	0.79355380	3.39244300
-1.81740978	0.76303260	3.42143800
-1.79240979	1.22085200	3.39396900
-1.76740979	1.52606500	3.37107800
-1.74240979	1.67867200	3.35276500
-1.71740979	1.87706000	3.34208300
-1.69240979	2.09070900	3.34208300
-1.66740979	2.07544900	3.35581700
-1.64240979	1.77023600	3.38633800
-1.61740980	1.96862400	3.34666100
-1.59240980	2.60957100	3.23678400
-1.56740980	3.02160900	3.22305000
-1.54240980	3.14369400	3.30087900
-1.51740980	3.34208300	3.39549500
-1.49240980	3.58625300	3.50232000
-1.46740980	3.46416800	3.49316300
-1.44240981	3.00634800	3.36650000
-1.41740981	2.88426300	3.28256600
-1.39240981	3.14369400	3.24746700
-1.36740981	3.25051900	3.25051900
-1.34240981	3.18947600	3.29782700
-1.31740981	3.40312500	3.31919200
-1.29240981	3.87620500	3.31003500
-1.26740982	3.89146600	3.32987400
-1.24240982	3.50995000	3.37107800
-1.21740982	2.86900200	3.38023400
-1.19240982	2.06018800	3.35886900
-1.16740982	1.66341100	3.32682200
-1.14240982	1.75497500	3.28714400
-1.11740983	1.78549600	3.28714400
-1.09240983	1.84653900	3.32987400
-1.06740983	1.54132600	3.35276500
-1.04240983	0.93089970	3.35581700
-1.01740983	0.51886210	3.31614000
-0.99240983	0.38151630	3.23068000
-0.96740983	0.22890980	3.22152400
-0.94240984	0.10682460	3.28561800
-0.91740984	-0.18312780	3.33445200
-0.89240984	-0.64094730	3.36192200
-0.86740984	-0.62568670	3.40770300
-0.84240984	-0.13734590	3.46416800
-0.81740984	-0.01526065	3.49621500
-0.79240984	-0.22890980	3.50537200
-0.76740985	-0.53412280	3.43364700
-0.74240985	-0.93089970	3.28409200
-0.71740985	-1.23611300	3.24441500
-0.69240985	-1.40398000	3.31461400
-0.66740985	-1.49554400	3.36955200
-0.64240985	-1.49554400	3.41075600
-0.61740985	-1.38871900	3.40617800
-0.59240986	-1.17507000	3.35123900
-0.56740986	-1.06824600	3.37107800
-0.54240986	-1.03772400	3.46722000
-0.51740986	-1.25137300	3.46111600
-0.49240986	-1.70919300	3.36039600
-0.46740986	-1.81601700	3.27951400
-0.44240987	-1.57184700	3.22152400
-0.41740987	-1.35819800	3.22305000
-0.39240987	-1.17507000	3.28409200
-0.36740987	-1.06824600	3.34513500
-0.34240987	-1.06824600	3.40159900
-0.31740987	-1.17507000	3.41686000
-0.29240987	-1.41924000	3.38328600
-0.26740988	-1.41924000	3.40159900
-0.24240988	-1.17507000	3.46874600
-0.21740988	-1.06824600	3.47942900
-0.19240988	-1.06824600	3.43669900
-0.16740988	-1.17507000	3.40465100
-0.14240988	-1.41924000	3.38328600
-0.11740988	-1.41924000	3.39396900
-0.09240989	-1.17507000	3.44127700
-0.06740989	-1.08350600	3.49163700
-0.04240989	-1.11402800	3.66255600
-0.01740989	-1.02246400	2.53174200
0.00759011	-0.80881450	0.31131730
0.03259011	-0.71725060	-1.34293700
0.05759011	-0.80881450	-2.19295500
0.08259010	-0.51886210	-2.68129600
0.10759010	0.09156390	-2.61872800
0.13259010	0.33573430	-2.57142000
0.15759010	0.07630325	-2.48901200
0.18259010	0.93089970	-2.43102200
0.20759010	2.65535300	-2.40965700
0.23259009	4.48663100	-2.35014000
0.25759009	5.96691500	-2.26468100
0.28259009	8.86643800	-2.26773300
0.30759009	12.42217000	-2.36540100
0.33259009	16.46624000	-2.36540100
0.35759009	19.91515000	-2.26773300
0.38259009	25.42424000	-2.26773300
0.40759008	31.52851000	-2.36845300
0.43259008	38.73153000	-2.35777100
0.45759008	45.24783000	-2.23568600
0.48259008	53.35123000	-2.25705000
0.50759008	60.95104000	-2.42186500
0.53259008	70.27529000	-2.41423500
0.55759008	79.00439000	-2.24026400
0.58259007	88.96960000	-2.15633000
0.60759007	97.66817000	-2.16243400
0.63259007	108.07590000	-2.21432100
0.65759007	117.55280000	-2.31504100
0.68259007	128.70830000	-2.36387500
0.70759007	138.81090000	-2.35777100
0.73259007	149.85960000	-2.33488000
0.75759006	159.10750000	-2.28909800
0.78259006	169.46950000	-2.30130600
0.80759006	178.30540000	-2.37455700
0.83259006	187.85860000	-2.36234900
0.85759006	195.67210000	-2.26162800
0.88259006	204.67580000	-2.27994100
0.90759005	212.61140000	-2.41118300
0.93259005	220.68430000	-2.46459500
0.95759005	226.91060000	-2.44017800
0.98259005	233.39640000	-2.39744800
1.00759005	238.49350000	-2.32877500
1.03259005	243.39210000	-2.34861400
1.05759005	246.79530000	-2.46154300
1.08259004	250.57990000	-2.48138200
1.10759004	253.81520000	-2.40813100
1.13259004	256.15000000	-2.38676600
1.15759004	256.97410000	-2.41423500
1.18259004	257.82870000	-2.42644400
1.20759004	258.40860000	-2.42644400
1.23259004	258.21020000	-2.41728700
1.25759003	257.34040000	-2.40507900
1.28259003	255.87530000	-2.35471900
1.30759003	254.18140000	-2.27536300
1.33259003	251.67870000	-2.23568600
1.35759003	249.00800000	-2.24484200
1.38259003	245.11660000	-2.24484200
1.40759002	240.88940000	-2.23873800
1.43259002	236.37220000	-2.26620700
1.45759002	232.78600000	-2.32267100
1.48259002	227.17000000	-2.37608300
1.50759002	220.92850000	-2.42339200
1.53259002	214.38160000	-2.39134400
1.55759002	209.08620000	-2.28451900
1.58259001	202.75300000	-2.23263300
1.60759001	197.10660000	-2.24179000
1.63259001	190.04090000	-2.25399800
1.65759001	183.28040000	-2.27231100
1.68259001	175.90950000	-2.29062400
1.70759001	169.79000000	-2.30283200
1.73259001	162.37330000	-2.35014000
1.75759000	155.55180000	-2.42339200
1.78259000	147.87570000	-2.47375200
1.80759000	141.22210000	-2.49511700
1.83259000	133.97330000	-2.46154300
1.85759000	128.00630000	-2.36997900
1.88259000	120.97120000	-2.36997900
1.90759000	114.68380000	-2.46612100
1.93258999	107.48080000	-2.47833000
1.95758999	101.08650000	-2.40355300
1.98258999	94.73812000	-2.40202600
2.00758999	90.12940000	-2.47527800
2.03258999	84.04041000	-2.47527800
2.05758999	78.08875000	-2.40660500
2.08258998	71.93871000	-2.38524000
2.10758998	67.07056000	-2.40660500
2.13258998	61.88194000	-2.44933500
2.15758998	57.76156000	-2.51648100
2.18258998	52.92394000	-2.50274700
2.20758998	48.58991000	-2.40507900
2.23258998	44.34745000	-2.41423500
2.25758997	41.29532000	-2.53021600
2.28258997	37.41912000	-2.54242400
2.30758997	33.71078000	-2.45391300
2.33258997	30.12453000	-2.41423500
2.35758997	27.51495000	-2.42186500
2.38258997	24.66121000	-2.42186500
2.40758997	22.34159000	-2.41423500
2.43258996	19.60994000	-2.45391300
2.45758996	17.15297000	-2.53937200
2.48258996	14.71127000	-2.53784600
2.50758996	12.89525000	-2.44323000
2.53258996	10.97241000	-2.44170400
2.55758996	9.47686400	-2.52716400
2.58258996	7.92027800	-2.56989400
2.60758995	6.71468600	-2.56684200
2.63258995	5.57013800	-2.53632000
2.65758995	4.74606200	-2.47985600
2.68258995	4.01355100	-2.43102200
2.70758995	3.60151400	-2.39439600
2.73258995	2.70113500	-2.39592200
2.75758994	1.51080400	-2.43865200
2.78258994	0.80881450	-2.45849100
2.80758994	0.79355380	-2.45543900
2.83258994	0.44255890	-2.45543900
2.85758994	-0.07630325	-2.45849100
2.88258994	-0.65620800	-2.43865200
2.90758994	-1.19033100	-2.39592200
2.93258993	-1.69393200	-2.39592200
2.95758993	-2.02966700	-2.43865200
2.98258993	-2.33488000	-2.45849100
3.00758993	-2.50274700	-2.45543900
3.03258993	-2.57905000	-2.45391300
3.05758993	-2.54852900	-2.45391300
3.08258993	-2.64009300	-2.45391300
3.10758992	-2.85374200	-2.45391300
3.13258992	-2.94530600	-2.45391300
3.15758992	-2.85374200	-2.45391300
3.18258992	-3.15895500	-2.45391300
3.20758992	-3.79990200	-2.45391300
3.23258992	-4.10511500	-2.45238700
3.25758992	-4.04407300	-2.44323000
3.28258991	-4.04407300	-2.48290800
3.30758991	-4.08985400	-2.56226300
3.33258991	-3.87620500	-2.61262300
3.35758991	-3.44890700	-2.62788400
3.38258991	-3.23525800	-2.62788400
3.40758991	-3.26577900	-2.61567600
3.43258990	-3.37260400	-2.55463300
3.45758990	-3.61677400	-2.45391300
3.48258990	-3.61677400	-2.42644400
3.50758990	-3.43364600	-2.48443400
3.53258990	-3.11317300	-2.46612100
3.55758990	-2.68587400	-2.37760900
3.58258990	-2.59431100	-2.34708800
3.60758989	-2.86900200	-2.37150500
3.63258989	-2.86900200	-2.40355300
3.65758989	-2.62483200	-2.43712600
3.68258989	-2.62483200	-2.46917300
3.70758989	-2.86900200	-2.49664300
3.73258989	-2.88426300	-2.45696500
3.75758989	-2.67061400	-2.35014000
3.78258988	-2.45696500	-2.31809300
3.80758988	-2.27383700	-2.35777100
3.83258988	-2.18227300	-2.42949600
3.85758988	-2.24331600	-2.53326800
3.88258988	-2.06018800	-2.54089900
3.90758988	-1.69393200	-2.44628200
3.93258988	-1.17507000	-2.43560000
3.95758987	-0.57990470	-2.50885100
3.98258987	-0.28995240	-2.52106000
4.00758987	-0.39677690	-2.47527800
4.03258987	-0.22890980	-2.43254800
4.05758987	0.18312780	-2.39134400
4.08258987	0.28995240	-2.40660500
4.10758986	0.07630325	-2.48290800
4.13258986	-0.01526065	-2.45238700
4.15758986	0.01526065	-2.31809300
4.18258986	-0.07630325	-2.29672800
4.20758986	-0.32047370	-2.38829200
4.23258986	-0.30521300	-2.43865200
4.25758986	-0.06104260	-2.43865200
4.28258985	-0.04578195	-2.48748600
4.30758985	-0.22890980	-2.57599800
4.33258985	-0.54938340	-2.57599800
4.35758985	-0.97668160	-2.48596000
4.38258985	-1.08350600	-2.44323000
4.40758985	-0.82407520	-2.45238700
4.43258985	-0.70198990	-2.45391300
4.45758984	-0.70198990	-2.45086100
4.48258984	-0.80881450	-2.46154300
4.50758984	-1.02246400	-2.48290800
4.53258984	-1.09876700	-2.49206400
4.55758984	-0.99194230	-2.48901200
4.58258984	-1.40398000	-2.49969500
4.60758984	-2.22805500	-2.52716400
4.63258983	-2.74691700	-2.50885100
4.65758983	-2.89952400	-2.45086100
4.68258983	-2.86900200	-2.39897400
4.70758983	-2.62483200	-2.35319200
4.73258983	-2.60957100	-2.37455700
4.75758983	-2.85374200	-2.46459500
4.78258982	-2.96056600	-2.48748600
4.80758982	-2.96056600	-2.44170400
4.83258982	-2.85374200	-2.41118300
4.85758982	-2.60957100	-2.39287000
4.88258982	-2.62483200	-2.38371400
4.90758982	-2.86900200	-2.38066200
4.93258982	-2.88426300	-2.40202600
4.95758981	-2.70113500	-2.44475600
4.98258981	-2.36540100	-2.44475600
5.00758981	-1.89232100	-2.40202600
5.03258981	-2.02966700	-2.38066200
5.05758981	-2.77743800	-2.38066200
5.08258981	-2.79269900	-2.39744800
5.10758981	-2.13649100	-2.42644400
5.13258980	-1.60236800	-2.49664300
5.15758980	-1.28189500	-2.60041500
5.18258980	-0.90037840	-2.63093600
5.20758980	-0.53412280	-2.58515400
5.23258980	-0.24417040	-2.52411200
5.25758980	-0.09156390	-2.44780900
5.28258979	0.09156390	-2.42033900
5.30758979	0.21364910	-2.45086100
5.33258979	0.41203760	-2.44323000
5.35758979	0.62568670	-2.40660500
5.38258979	0.62568670	-2.36540100
5.40758979	0.38151630	-2.32267100
5.43258979	0.25943110	-2.34403600
5.45758978	0.21364910	-2.43254800
5.48258978	0.51886210	-2.44017800
5.50758978	1.11402800	-2.36082300
5.53258978	1.64815000	-2.38218800
5.55758978	2.02966700	-2.49969500
5.58258978	2.10597000	-2.50885100
5.60758978	1.80075700	-2.41118300
5.63258977	1.90758100	-2.39897400
5.65758977	2.36540100	-2.47375200
5.68258977	2.48748600	-2.47375200
5.70758977	2.24331600	-2.39744800
5.73258977	2.06018800	-2.41576100
5.75758977	1.95336300	-2.52563800
5.78258977	1.43450100	-2.55615900
5.80758976	0.61042600	-2.50732500
5.83258976	0.21364910	-2.48596000
5.85758976	0.33573430	-2.49206400
5.88258976	0.18312780	-2.48290800
5.90758976	-0.16786720	-2.46154300
5.93258976	-0.54938340	-2.45086100
5.95758975	-0.85459640	-2.45391300
5.98258975	-1.46502200	-2.45391300
6.00758975	-2.27383700	-2.45543900
6.03258975	-2.67061400	-2.44933500
6.05758975	-2.57905000	-2.43712600
6.08258975	-2.54852900	-2.39592200
6.10758975	-2.48748600	-2.32267100
6.13258974	-2.79269900	-2.36234900
6.15758974	-3.40312500	-2.50885100
6.18258974	-3.81516300	-2.56989400
6.20758974	-3.93724800	-2.53937200
6.23258974	-4.12037600	-2.51953400
6.25758974	-4.30350400	-2.51037700
6.28258974	-4.48663100	-2.45238700
6.30758973	-4.60871600	-2.35166600
6.33258973	-4.99023300	-2.31198900
6.35758973	-5.53961600	-2.33640600
6.38258973	-6.02795700	-2.36692700
6.40758973	-6.42473400	-2.40813100
6.43258973	-6.53155900	-2.42797000
6.45758973	-6.34843100	-2.41881300
6.48258972	-5.82956800	-2.43712600
6.50758972	-4.97497200	-2.47680400
6.53258972	-4.86814700	-2.49511700
6.55758972	-5.55487700	-2.48596000
6.58258972	-5.89061100	-2.50579900
6.60758972	-5.86009000	-2.55158100
6.63258971	-5.66170100	-2.54089900
6.65758971	-5.26492500	-2.47680400
6.68258971	-5.08179700	-2.44475600
6.70758971	-5.11231800	-2.44628200
6.73258971	-5.12757900	-2.46917300
6.75758971	-5.11231800	-2.51190300
6.78258971	-5.20388200	-2.53479400
6.80758970	-5.41753100	-2.53937200
6.83258970	-5.32596700	-2.49511700
6.85758970	-4.95971200	-2.40355300
6.88258970	-4.54767400	-2.41576100
6.90758970	-4.15089700	-2.53479400
6.93258970	-4.05933300	-2.52716400
6.95758970	-4.33402500	-2.39592200
6.98258969	-4.36454600	-2.33182800
7.00758969	-4.21194000	-2.33335400
7.03258969	-3.70833800	-2.39134400
7.05758969	-2.88426300	-2.51037700
7.08258969	-2.39592200	-2.47985600
7.10758969	-2.36540100	-2.29367600
7.13258969	-1.86179900	-2.26468100
7.15758968	-1.00720300	-2.38981800
7.18258968	-0.71725060	-2.41423500
7.20758968	-1.05298500	-2.34098400
7.23258968	-0.97668160	-2.31809300
7.25758968	-0.57990470	-2.34251000
7.28258968	-0.16786720	-2.34861400
7.30758967	0.18312780	-2.33182800
7.33258967	0.35099500	-2.40202600
7.35758967	0.25943110	-2.54547700
7.38258967	0.45781950	-2.60651900
7.40758967	0.88511780	-2.58210200
7.43258967	1.09876700	-2.52106000
7.45758967	1.06824600	-2.42949600
7.48258966	0.94616040	-2.35014000
7.50758966	0.68672930	-2.29215000
7.53258966	0.80881450	-2.30435800
7.55758966	1.29715500	-2.39287000
7.58258966	1.31241600	-2.43407400
7.60758966	0.85459640	-2.42491700
7.63258966	0.53412280	-2.42339200
7.65758965	0.36625560	-2.42339200
7.68258965	0.28995240	-2.42339200
7.70758965	0.38151630	-2.42644400
7.73258965	0.09156390	-2.41423500
7.75758965	-0.48834080	-2.38676600
7.78258965	-0.88511780	-2.40507900
7.80758965	-1.03772400	-2.46612100
7.83258964	-1.12928800	-2.50579900
7.85758964	-1.09876700	-2.51953400
7.88258964	-1.08350600	-2.53937200
7.90758964	-1.02246400	-2.56989400
7.93258964	-1.34293700	-2.50732500
7.95758964	-2.02966700	-2.35777100
7.98258963	-2.10597000	-2.33640600
8.00758963	-1.55658600	-2.44628200
8.03258963	-1.63289000	-2.52106000
8.05758963	-2.31961900	-2.56989400
8.08258963	-2.64009300	-2.49359000
8.10758963	-2.54852900	-2.28909800
8.13258963	-2.65535300	-2.29062400
8.15758962	-2.91478400	-2.50427300
8.18258962	-2.80796000	-2.53632000
8.20758962	-2.35014000	-2.39592200
8.23258962	-2.15175200	-2.34251000
8.25758962	-2.21279400	-2.37913600
8.28258962	-2.12123000	-2.38218800
8.30758962	-1.87706000	-2.36082300
8.33258961	-1.89232100	-2.34251000
8.35758961	-2.19753400	-2.33335400
8.38258961	-1.98388500	-2.29367600
8.40758961	-1.28189500	-2.22500300
8.43258961	-1.17507000	-2.24331600
8.45758961	-1.69393200	-2.35014000
8.48258960	-1.80075700	-2.39897400
8.50758960	-1.52606500	-2.38371400
8.53258960	-1.51080400	-2.40355300
8.55758960	-1.75497500	-2.45238700
8.58258960	-1.86179900	-2.42339200
8.60758960	-1.86179900	-2.31656700
8.63258960	-1.73971400	-2.27536300
8.65758959	-1.48028300	-2.29672800
8.68258959	-1.60236800	-2.35929700
8.70758959	-2.06018800	-2.46001700
8.73258959	-2.16701200	-2.48748600
8.75758959	-1.89232100	-2.43560000
8.78258959	-1.87706000	-2.43560000
8.80758959	-2.12123000	-2.49053800
8.83258958	-2.22805500	-2.44933500
8.85758958	-2.19753400	-2.31198900
8.88258958	-2.18227300	-2.31198900
8.90758958	-2.12123000	-2.45238700
8.93258958	-2.44170400	-2.48443400
8.95758958	-3.12843300	-2.41118300
8.98258958	-3.21999700	-2.37760900
9.00758957	-2.68587400	-2.37455700
9.03258957	-2.65535300	-2.42339200
9.05758957	-3.08265100	-2.53174200
9.08258957	-3.49468900	-2.43712600
9.10758957	-3.83042300	-2.14412200
9.13258957	-4.24246100	-2.12123100
9.15758956	-4.62397700	-2.37303100
9.18258956	-4.80710500	-2.46764700
9.20758956	-4.74606200	-2.40355300
9.23258956	-4.85288700	-2.38981800
9.25758956	-5.12757900	-2.41728700
9.28258956	-4.91392900	-2.41728700
9.30758956	-4.21194000	-2.38676600
9.33258955	-4.10511500	-2.40660500
9.35758955	-4.59345600	-2.47527800
9.38258955	-4.82236600	-2.47833000
9.40758955	-4.77658400	-2.42033900
9.43258955	-4.76132300	-2.34556200
9.45758955	-4.73080200	-2.25552400
9.48258955	-4.85288700	-2.28757200
9.50758954	-5.11231800	-2.44017800
9.53258954	-5.00549400	-2.50122100
9.55758954	-4.57819500	-2.46459500
9.58258954	-4.25772100	-2.45543900
9.60758954	-4.04407300	-2.47680400
9.63258954	-4.18141800	-2.38218800
9.65758954	-4.73080200	-2.17616900
9.68258953	-4.44084900	-2.20974200
9.70758953	-3.34208300	-2.48443400
9.73258953	-2.73165700	-2.53784600
9.75758953	-2.64009300	-2.37303100
9.78258953	-2.45696500	-2.30741000
9.80758953	-2.27383700	-2.33793200
9.83258952	-2.18227300	-2.36082300
9.85758952	-2.21279400	-2.38524000
9.88258952	-2.10597000	-2.37150500
9.90758952	-1.84653900	-2.31656700
9.93258952	-1.95336300	-2.36692700
9.95758952	-2.41118300	-2.51953400
9.98258952	-2.62483200	-2.54089900
10.00758951	-2.59431100	-2.42797000
10.03258951	-2.50274700	-2.36692700
10.05758951	-2.35014000	-2.35777100
10.08258951	-1.93810300	-2.33945800
10.10758951	-1.29715500	-2.31809300
10.13258951	-1.08350600	-2.33793200
10.15758951	-1.31241600	-2.39592200
10.18258950	-1.64815000	-2.44323000
10.20758950	-2.10597000	-2.47070000
10.23258950	-2.07544900	-2.51800800
10.25758950	-1.52606500	-2.58210200
10.28258950	-1.72445400	-2.57905000
10.30758950	-2.67061400	-2.51037700
10.33258950	-2.89952400	-2.49206400
10.35758949	-2.42644400	-2.52411200
10.38258949	-1.98388500	-2.51495600
10.40758949	-1.55658600	-2.47527800
10.43258949	-1.55658600	-2.43254800
10.45758949	-1.98388500	-2.38981800
10.48258949	-2.41118300	-2.41270900
10.50758948	-2.80796000	-2.50274700
10.53258948	-2.89952400	-2.52411200
10.55758948	-2.59431100	-2.47833000
10.58258948	-2.68587400	-2.42644400
10.60758948	-3.11317300	-2.36540100
10.63258948	-3.44890700	-2.35777100
10.65758948	-3.70833800	-2.40965700
10.68258947	-3.37260400	-2.42033900
10.70758947	-2.42644400	-2.38981800
10.73258947	-2.31961900	-2.39897400
10.75758947	-3.05213000	-2.44170400
10.78258947	-3.37260400	-2.45238700
10.80758947	-3.31156100	-2.43102200
10.83258947	-3.29630100	-2.41881300
10.85758946	-3.26577900	-2.41270900
10.88258946	-3.37260400	-2.45238700
10.90758946	-3.55573200	-2.53174200
10.93258946	-3.76938100	-2.56226300
10.95758946	-3.95250800	-2.53784600
10.98258946	-4.05933300	-2.51800800
11.00758946	-4.05933300	-2.49816800
11.03258945	-3.93724800	-2.49053800
11.05758945	-3.67781700	-2.50274700
11.08258945	-3.79990200	-2.45238700
11.10758945	-4.25772100	-2.33945800
11.13258945	-4.37980700	-2.35014000
11.15758945	-4.12037600	-2.48138200
11.18258944	-4.01355100	-2.54547700
11.20758944	-4.04407300	-2.54852900
11.23258944	-3.95250800	-2.47375200
11.25758944	-3.73885900	-2.32419700
11.28258944	-3.63203500	-2.29367600
11.30758944	-3.66255600	-2.38981800
11.33258944	-3.66255600	-2.43254800
11.35758943	-3.63203500	-2.42033900
11.38258943	-3.73885900	-2.43865200
11.40758943	-3.92198700	-2.47985600
11.43258943	-4.12037600	-2.49053800
11.45758943	-4.30350400	-2.47222600
11.48258943	-4.50189200	-2.42644400
11.50758943	-4.74606200	-2.36234900
11.53258942	-4.62397700	-2.26468100
11.55758942	-4.16615800	-2.14106900
11.58258942	-4.07459400	-2.12886100
11.60758942	-4.39506700	-2.22958100
11.63258942	-4.18141800	-2.33945800
11.65758942	-3.47942800	-2.45543900
11.68258941	-3.37260400	-2.49053800
11.70758941	-3.89146600	-2.43560000
11.73258941	-4.01355100	-2.43407400
11.75758941	-3.75412000	-2.48290800
11.78258941	-3.64729500	-2.47375200
11.80758941	-3.70833800	-2.40660500
11.83258941	-3.50995000	-2.38676600
11.85758940	-3.08265100	-2.41728700
11.88258940	-2.88426300	-2.41881300
11.90758940	-2.94530600	-2.39439600
11.93258940	-2.85374200	-2.38371400
11.95758940	-2.67061400	-2.38371400
11.98258940	-2.47222500	-2.39439600
12.00758940	-2.31961900	-2.41576100
12.03258939	-2.01440600	-2.42644400
12.05758939	-1.58710800	-2.42339200
12.08258939	-1.49554400	-2.42339200
12.10758939	-1.77023600	-2.42186500
12.13258939	-1.78549600	-2.43102200
12.15758939	-1.54132600	-2.45696500
12.18258939	-1.44976200	-2.42644400
12.20758938	-1.48028300	-2.34098400
12.23258938	-1.37345900	-2.33335400
12.25758938	-1.11402800	-2.40965700
12.28258938	-1.22085200	-2.39897400
12.30758938	-1.64815000	-2.30283200
12.33258938	-1.96862400	-2.30130600
12.35758937	-2.13649100	-2.38676600
12.38258937	-2.21279400	-2.45086100
12.40758937	-2.18227300	-2.49053800
12.43258937	-2.25857600	-2.45696500
12.45758937	-2.42644400	-2.34098400
12.48258937	-2.74691700	-2.35319200
12.50758937	-3.14369400	-2.49511700
12.53258936	-3.32682200	-2.50732500
12.55758936	-3.20473700	-2.39744800
12.58258936	-3.60151400	-2.31504100
12.60758936	-4.42558900	-2.26010300
12.63258936	-4.94445100	-2.25247200
12.65758936	-5.06653600	-2.29825400
12.68258936	-5.14283900	-2.33793200
12.70758935	-5.08179700	-2.37150500
12.73258935	-5.26492500	-2.39897400
12.75758935	-5.63118000	-2.41118300
12.78258935	-5.92113300	-2.44170400
12.80758935	-6.07373900	-2.48748600
12.83258935	-6.25686700	-2.46612100
12.85758935	-6.43999500	-2.38066200
12.88258934	-6.63838300	-2.33640600
12.90758934	-6.82151100	-2.33488000
12.93258934	-6.92833600	-2.38981800
12.95758934	-6.89781400	-2.50122100
12.98258934	-6.89781400	-2.51037700
13.00758934	-6.92833600	-2.41423500
13.03258933	-6.80625000	-2.39134400
13.05758933	-6.53155900	-2.44017800
13.08258933	-6.74520800	-2.45238700
13.10758933	-7.44719700	-2.43102200
13.13258933	-7.55402200	-2.42033900
13.15758933	-7.06568100	-2.42033900
13.18258933	-6.83677100	-2.42797000
13.20758932	-6.88255400	-2.44170400
13.23258932	-6.91307500	-2.47070000
13.25758932	-6.95885700	-2.51190300
13.28258932	-6.76046800	-2.53479400
13.30758932	-6.39421300	-2.53632000
13.33258932	-5.89061100	-2.50427300
13.35758932	-5.28018500	-2.43712600
13.38258931	-5.20388200	-2.44017800
13.40758931	-5.72274400	-2.51495600
13.43258931	-5.63118000	-2.50427300
13.45758931	-5.02075400	-2.40965700
13.48258931	-4.62397700	-2.40050100
13.50758931	-4.56293400	-2.47985600
13.53258931	-4.07459400	-2.46154300
13.55758930	-3.25051900	-2.35471900
13.58258930	-2.76217800	-2.31504100
13.60758930	-2.70113500	-2.34556200
13.63258930	-2.31961900	-2.33488000
13.65758930	-1.77023600	-2.27994100
13.68258930	-1.17507000	-2.33182800
13.70758929	-0.65620800	-2.49053800
13.73258929	-0.07630325	-2.49816800
13.75758929	0.41203760	-2.35166600
13.78258929	0.90037840	-2.34861400
13.80758929	1.23611300	-2.48901200
13.83258929	1.52606500	-2.52258600
13.85758929	1.64815000	-2.45391300
13.88258928	1.95336300	-2.39744800
13.90758928	2.38066100	-2.35014000
13.93258928	2.45696500	-2.38371400
13.95758928	2.13649100	-2.49664300
13.98258928	2.33488000	-2.51800800
14.00758928	2.97582700	-2.44475600
14.03258928	3.38786500	-2.42186500
14.05758927	3.54047100	-2.44628200
14.08258927	3.64729500	-2.45696500
14.10758927	3.69307800	-2.46001700
14.13258927	3.35734300	-2.44017800
14.15758927	2.65535300	-2.40050100
14.18258927	2.64009300	-2.38218800
14.20758927	3.32682200	-2.38524000
14.23258926	3.76938100	-2.38829200
14.25758926	3.93724800	-2.39744800
14.28258926	3.90672700	-2.35471900
14.30758926	3.63203500	-2.26468100
14.33258926	3.72359900	-2.26468100
14.35758926	4.18141800	-2.35319200
14.38258925	4.39506700	-2.40355300
14.40758925	4.36454600	-2.41270900
14.43258925	4.25772100	-2.44475600
14.45758925	4.07459400	-2.49969500
14.48258925	3.89146600	-2.42491700
14.50758925	3.78464200	-2.21889900
14.53258925	3.28104000	-2.23110700
14.55758924	2.45696500	-2.46612100
14.58258924	1.95336300	-2.50885100
14.60758924	1.80075700	-2.36845300
14.63258924	1.81601700	-2.30130600
14.65758924	2.06018800	-2.29825400
14.68258924	2.18227300	-2.37150500
14.70758924	2.24331600	-2.51800800
14.73258923	1.83127800	-2.54852900
14.75758923	1.00720300	-2.46306900
14.78258923	0.48834080	-2.39287000
14.80758923	0.38151630	-2.34251000
14.83258923	0.22890980	-2.30130600
14.85758923	0.13734590	-2.27688900
14.88258922	-0.24417040	-2.31656700
14.90758922	-0.85459640	-2.42033900
14.93258922	-1.25137300	-2.46001700
14.95758922	-1.37345900	-2.43560000
14.98258922	-1.55658600	-2.41270900
15.00758922	-1.73971400	-2.38829200
15.03258922	-1.93810300	-2.39744800
15.05758921	-2.12123000	-2.43865200
15.08258921	-2.21279400	-2.45849100
15.10758921	-2.12123000	-2.45238700
15.13258921	-2.44170400	-2.46154300
15.15758921	-3.12843300	-2.48596000
15.18258921	-3.21999700	-2.48596000
15.20758921	-2.68587400	-2.46154300
15.23258920	-2.67061400	-2.45543900
15.25758920	-3.15895500	-2.47375200
15.28258920	-3.28104000	-2.39287000
15.30758920	-3.02160900	-2.22042500
15.33258920	-2.89952400	-2.20211200
15.35758920	-2.93004500	-2.34251000
15.38258920	-2.93004500	-2.39439600
15.40758919	-2.93004500	-2.36387500
15.43258919	-2.93004500	-2.34098400
15.45758919	-2.93004500	-2.32267100
15.48258919	-2.94530600	-2.32419700
15.50758919	-3.00634800	-2.34861400
15.53258919	-2.70113500	-2.33640600
15.55758918	-2.09070900	-2.28757200
15.58258918	-1.69393200	-2.30893700
15.60758918	-1.63289000	-2.40355300
15.63258918	-1.12928800	-2.40355300
15.65758918	-0.27469170	-2.30893700
15.68258918	0.01526065	-2.28451900
15.70758918	-0.35099500	-2.32114500
15.73258917	-0.18312780	-2.39439600
15.75758917	0.44255890	-2.50427300
15.78258917	0.73251120	-2.50427300
15.80758917	0.57990470	-2.39744800
15.83258917	0.97668160	-2.31351500
15.85758917	1.80075700	-2.25705000
15.88258917	2.31961900	-2.25857700
15.90758916	2.47222500	-2.32114500
15.93258916	2.45696500	-2.37608300
15.95758916	2.21279400	-2.42491700
15.98258916	2.10597000	-2.38676600
16.00758916	2.10597000	-2.26315500
16.03258916	2.21279400	-2.18990400
16.05758916	2.42644400	-2.16853900
16.08258915	2.53326800	-2.22042500
16.10758915	2.50274700	-2.34861400
16.13258915	2.50274700	-2.38829200
16.15758915	2.47222500	-2.33945800
16.18258915	2.57905000	-2.30588400
16.20758915	2.76217800	-2.28757200
16.23258914	2.94530600	-2.28909800
16.25758914	3.05213000	-2.31351500
16.28258914	3.58625300	-2.31198900
16.30758914	4.50189200	-2.28146700
16.33258914	4.50189200	-2.31198900
16.35758914	3.55573200	-2.40355300
16.38258914	3.11317300	-2.40355300
16.40758913	3.12843300	-2.31198900
16.43258913	3.47942800	-2.27994100
16.45758913	4.16615800	-2.30435800
16.48258913	4.24246100	-2.33793200
16.50758913	3.69307800	-2.38371400
16.53258913	3.76938100	-2.36234900
16.55758913	4.41032800	-2.27688900
16.58258912	4.91392900	-2.23721100
16.60758912	5.24966400	-2.24636800
16.63258912	5.41753100	-2.23873800
16.65758912	5.38701000	-2.21279500
16.68258912	5.37174900	-2.24026400
16.70758912	5.37174900	-2.31961900
16.73258912	5.37174900	-2.36692700
16.75758911	5.38701000	-2.37608300
16.78258911	5.29544600	-2.40660500
16.80758911	5.05127500	-2.45849100
16.83258911	5.26492500	-2.40507900
16.85758911	5.90587200	-2.24331600
16.88258911	6.08900000	-2.26620700
16.90758910	5.76852600	-2.47680400
16.93258910	5.87535000	-2.49816800
16.95758910	6.39421300	-2.33640600
16.98258910	6.30264900	-2.27231100
17.00758910	5.61592000	-2.30893700
17.03258910	5.29544600	-2.32267100
17.05758910	5.35648800	-2.32267100
17.08258909	5.38701000	-2.31046300
17.10758909	5.44805200	-2.28604600
17.13258909	5.14283900	-2.29672800
17.15758909	4.50189200	-2.34861400
17.18258909	4.41032800	-2.31656700
17.20758909	4.92919000	-2.20363800
17.23258909	5.03601500	-2.20363800
17.25758908	4.76132300	-2.32267100
17.28258908	4.74606200	-2.33640600
17.30758908	4.95971200	-2.25247200
17.33258908	5.15810000	-2.18685200
17.35758908	5.34122800	-2.14106900
17.38258908	5.34122800	-2.18074700
17.40758908	5.15810000	-2.30588400
17.43258907	4.97497200	-2.36540100
17.45758907	4.79184400	-2.35014000
17.48258907	4.59345600	-2.36082300
17.50758907	4.41032800	-2.39439600
17.53258907	4.31876400	-2.34403600
17.55758907	4.37980700	-2.21584700
17.58258906	4.16615800	-2.18685200
17.60758906	3.67781700	-2.26620700
17.63258906	3.78464200	-2.26620700
17.65758906	4.51715300	-2.18990400
17.68258906	4.63923800	-2.20821600
17.70758906	4.16615800	-2.31504100
17.73258906	3.83042300	-2.35624500
17.75758905	3.66255600	-2.32877500
17.78258905	3.58625300	-2.31809300
17.80758905	3.61677400	-2.31961900
17.83258905	3.52521000	-2.31961900
17.85758905	3.34208300	-2.32267100
17.88258905	3.12843300	-2.31198900
17.90758905	2.94530600	-2.29062400
17.93258904	2.85374200	-2.27994100
17.95758904	2.91478400	-2.28299400
17.98258904	2.71639600	-2.28451900
18.00758904	2.28909800	-2.28757200
18.03258904	2.07544900	-2.26773300
18.05758904	2.12123000	-2.22042500
18.08258904	2.15175200	-2.23873800
18.10758903	2.19753400	-2.32114500
18.13258903	1.98388500	-2.35929700
18.15758903	1.52606500	-2.35014000
18.18258903	1.41924000	-2.35929700
18.20758903	1.63289000	-2.38676600
18.23258903	1.95336300	-2.36692700
18.25758902	2.35014000	-2.30283200
18.28258902	2.54852900	-2.28299400
18.30758902	2.45696500	-2.31046300
18.33258902	2.65535300	-2.32267100
18.35758902	3.11317300	-2.32267100
18.38258902	3.20473700	-2.31351500
18.40758902	2.89952400	-2.29825400
18.43258901	3.00634800	-2.25705000
18.45758901	3.46416800	-2.19295500
18.48258901	3.57099200	-2.19295500
18.50758901	3.29630100	-2.26010300
18.53258901	3.29630100	-2.29062400
18.55758901	3.57099200	-2.28146700
18.58258901	3.46416800	-2.29062400
18.60758900	3.00634800	-2.31504100
18.63258900	2.89952400	-2.31351500
18.65758900	3.20473700	-2.28909800
18.68258900	3.11317300	-2.28909800
18.70758900	2.71639600	-2.31656700
18.73258900	2.30435800	-2.30588400
18.75758899	1.93810300	-2.26010300
18.78258899	1.63289000	-2.24942000
18.80758899	1.44976200	-2.27994100
18.83258899	1.46502200	-2.27078500
18.85758899	1.77023600	-2.22805500
18.88258899	1.55658600	-2.21737300
18.90758899	0.88511780	-2.23873800
18.93258898	0.67146860	-2.24789400
18.95758898	0.97668160	-2.24484200
18.98258898	0.99194230	-2.25399800
19.00758898	0.77829320	-2.27536300
19.03258898	0.56464410	-2.28451900
19.05758898	0.38151630	-2.27841500
19.08258898	0.27469170	-2.29825400
19.10758897	0.30521300	-2.34098400
19.13258897	0.30521300	-2.33945800
19.15758897	0.27469170	-2.29062400
19.18258897	0.38151630	-2.30130600
19.20758897	0.62568670	-2.37455700
19.23258897	0.61042600	-2.36387500
19.25758897	0.36625560	-2.26925900
19.28258896	0.36625560	-2.26010300
19.30758896	0.61042600	-2.33945800
19.33258896	0.62568670	-2.32419700
19.35758896	0.44255890	-2.22652900
19.38258896	0.15260650	-2.13496500
19.40758896	-0.18312780	-2.05255800
19.43258895	-0.56464410	-2.06476600
19.45758895	-0.93089970	-2.17464300
19.48258895	-1.20559100	-2.23568600
19.50758895	-1.31241600	-2.24789400
19.53258895	-1.72445400	-2.23415900
19.55758895	-2.39592200	-2.19143000
19.58258895	-2.50274700	-2.18227300
19.60758894	-2.02966700	-2.21279500
19.63258894	-1.69393200	-2.20363800
19.65758894	-1.52606500	-2.16396000
19.68258894	-1.41924000	-2.11970400
19.70758894	-1.37345900	-2.07087000
19.73258894	-1.69393200	-2.12275700
19.75758894	-2.36540100	-2.27383700
19.78258893	-2.57905000	-2.32267100
19.80758893	-2.31961900	-2.26468100
19.83258893	-2.09070900	-2.24179000
19.85758893	-1.87706000	-2.25094600
19.88258893	-1.89232100	-2.22958100
19.90758893	-2.16701200	-2.17769500
19.93258893	-2.06018800	-2.21889900
19.95758892	-1.60236800	-2.35014000
19.98258892	-1.49554400	-2.37913600
20.00758892	-1.77023600	-2.29978000
20.03258892	-1.78549600	-2.29825400
20.05758892	-1.54132600	-2.37150500
20.08258892	-1.43450100	-2.37303100
20.10758891	-1.46502200	-2.30893700
20.13258891	-1.48028300	-2.26620700
20.15758891	-1.52606500	-2.24636800
20.18258891	-1.31241600	-2.26162800
20.20758891	-0.91563900	-2.31351500
20.23258891	-0.59516540	-2.29367600
20.25758891	-0.41203760	-2.20211200
20.28258890	-0.42729820	-2.19448200
20.30758890	-0.67146860	-2.28299400
20.33258890	-0.68672930	-2.22195100
20.35758890	-0.47308020	-2.02051000
20.38258890	-0.27469170	-2.00067100
20.40758890	-0.09156390	-2.16548600
20.43258890	0.09156390	-2.21584700
20.45758889	0.27469170	-2.14870000
20.48258889	0.25943110	-2.17616900
20.50758889	0.06104260	-2.29520200
20.53258889	-0.03052130	-2.29367600
20.55758889	-0.06104260	-2.17159100
20.58258889	0.15260650	-2.16090800
20.60758889	0.61042600	-2.25857700
20.63258888	0.50360150	-2.27078500
20.65758888	-0.16786720	-2.20058600
20.68258888	-0.36625560	-2.18074700
20.70758888	-0.10682460	-2.21279500
20.73258888	0.07630325	-2.20363800
20.75758888	0.19838850	-2.16090800
20.78258887	0.50360150	-2.12886100
20.80758887	0.99194230	-2.10902200
20.83258887	0.79355380	-2.13038700
20.85758887	-0.06104260	-2.18837700
20.88258887	-0.45781950	-2.23721100
20.90758887	-0.36625560	-2.26773300
20.93258887	-0.44255890	-2.29672800
20.95758886	-0.62568670	-2.32114500
20.98258886	-0.83933580	-2.30283200
21.00758886	-1.05298500	-2.24636800
21.03258886	-1.05298500	-2.18379900
21.05758886	-0.80881450	-2.11512600
21.08258886	-0.73251120	-2.15327800
21.10758886	-0.82407520	-2.29978000
21.13258885	-0.41203760	-2.36845300
21.15758885	0.50360150	-2.35319200
21.18258885	0.39677690	-2.35471900
21.20758885	-0.73251120	-2.36997900
21.23258885	-1.15980900	-2.29215000
21.25758885	-0.88511780	-2.12733500
21.28258885	-0.56464410	-2.06934400
21.30758884	-0.16786720	-2.12123100
21.33258884	0.10682460	-2.15480400
21.35758884	0.22890980	-2.16701300
21.38258884	0.39677690	-2.19753400
21.40758884	0.57990470	-2.24026400
21.43258884	0.77829320	-2.22805500
21.45758883	0.96142100	-2.15785600
21.48258883	1.05298500	-2.15785600
21.50758883	1.02246400	-2.23110700
21.53258883	1.09876700	-2.23110700
21.55758883	1.25137300	-2.16243400
21.58258883	1.64815000	-2.14259600
21.60758883	2.25857600	-2.16701300
21.63258882	2.65535300	-2.18685200
21.65758882	2.76217800	-2.19295500
21.68258882	3.05213000	-2.26468100
21.70758882	3.44890700	-2.39439600
21.73258882	3.63203500	-2.40202600
21.75758882	3.52521000	-2.28604600
21.78258882	3.84568400	-2.23263300
21.80758881	4.53241300	-2.24179000
21.83258881	4.60871600	-2.25247200
21.85758881	4.05933300	-2.26773300
21.88258881	4.13563600	-2.30741000
21.90758881	4.82236600	-2.36234900
21.93258881	5.14283900	-2.40202600
21.95758880	5.08179700	-2.42033900
21.98258880	5.06653600	-2.42186500
22.00758880	5.09705700	-2.41576100
22.03258880	4.99023300	-2.32267100
22.05758880	4.80710500	-2.15175200
22.08258880	4.59345600	-2.14106900
22.10758880	4.41032800	-2.29367600
22.13258879	4.31876400	-2.37608300
22.15758879	4.34928600	-2.38829200
22.18258879	4.25772100	-2.37455700
22.20758879	4.04407300	-2.32877500
22.23258879	3.95250800	-2.33030200
22.25758879	3.98303000	-2.38218800
22.28258879	3.87620500	-2.36234900
22.30758878	3.61677400	-2.27841500
22.33258878	3.72359900	-2.22805500
22.35758878	4.15089700	-2.21279500
22.38258878	4.48663100	-2.23568600
22.40758878	4.74606200	-2.29978000
22.43258878	4.41032800	-2.31961900
22.45758878	3.49468900	-2.29520200
22.48258877	3.29630100	-2.27231100
22.50758877	3.84568400	-2.25399800
22.53258877	3.86094500	-2.24331600
22.55758877	3.37260400	-2.24636800
22.58258877	3.25051900	-2.24942000
22.60758877	3.49468900	-2.25857700
22.63258876	3.70833800	-2.20821600
22.65758876	3.89146600	-2.09834000
22.68258876	3.99829100	-2.09834000
22.70758876	3.96776900	-2.20974200
22.73258876	3.95250800	-2.25399800
22.75758876	3.90672700	-2.22958100
22.78258876	4.12037600	-2.19600800
22.80758875	4.57819500	-2.14717400
22.83258875	4.66975900	-2.16853900
22.85758875	4.39506700	-2.26468100
22.88258875	4.37980700	-2.25552400
22.90758875	4.62397700	-2.14259600
22.93258875	4.71554100	-2.12123100
22.95758875	4.68502000	-2.18990400
22.98258874	4.77658400	-2.22958100
23.00758874	4.99023300	-2.23873800
23.03258874	5.09705700	-2.25857700
23.05758874	5.06653600	-2.28909800
23.08258874	5.06653600	-2.24942000
23.10758874	5.09705700	-2.14259600
23.13258874	4.99023300	-2.11207400
23.15758873	4.77658400	-2.15480400
23.18258873	4.68502000	-2.20516400
23.20758873	4.74606200	-2.26010300
23.23258873	4.54767400	-2.29978000
23.25758873	4.12037600	-2.32419700
23.28258873	3.93724800	-2.29215000
23.30758872	4.05933300	-2.20363800
23.33258872	3.64729500	-2.18227300
23.35758872	2.74691700	-2.22805500
23.38258872	2.54852900	-2.26010300
23.40758872	3.08265100	-2.28146700
23.43258872	3.21999700	-2.27078500
23.45758872	3.00634800	-2.22500300
23.48258871	2.71639600	-2.22805500
23.50758871	2.39592200	-2.28299400
23.53258871	1.77023600	-2.24331600
23.55758871	0.96142100	-2.11207400
23.58258871	0.56464410	-2.08002700
23.60758871	0.67146860	-2.15022600
23.63258871	0.62568670	-2.20211200
23.65758870	0.51886210	-2.24179000
23.68258870	-0.09156390	-2.22805500
23.70758870	-1.12928800	-2.15785600
23.73258870	-1.51080400	-2.15785600
23.75758870	-1.14454900	-2.23110700
23.78258870	-1.22085200	-2.23110700
23.80758870	-1.64815000	-2.16243400
23.83258869	-1.96862400	-2.14106900
23.85758869	-2.13649100	-2.16548600
23.88258869	-2.22805500	-2.19600800
23.90758869	-2.19753400	-2.23263300
23.93258869	-2.19753400	-2.24942000
23.95758869	-2.16701200	-2.24026400
23.98258868	-2.27383700	-2.26773300
24.00758868	-2.48748600	-2.33030200
24.03258868	-2.57905000	-2.35319200
24.05758868	-2.54852900	-2.33793200
24.08258868	-2.64009300	-2.28604600
24.10758868	-2.88426300	-2.19753400
24.13258868	-2.86900200	-2.19753400
24.15758867	-2.62483200	-2.28604600
24.18258867	-2.62483200	-2.33640600
24.20758867	-2.89952400	-2.34861400
24.23258867	-2.79269900	-2.34861400
24.25758867	-2.30435800	-2.33640600
24.28258867	-2.31961900	-2.28757200
24.30758867	-2.85374200	-2.20516400
24.33258866	-2.76217800	-2.17616900
24.35758866	-2.07544900	-2.20669000
24.38258866	-1.75497500	-2.21889900
24.40758866	-1.81601700	-2.22195100
24.43258866	-1.83127800	-2.19753400
24.45758866	-1.86179900	-2.14412200
24.48258866	-1.75497500	-2.17464300
24.50758865	-1.54132600	-2.28757200
24.53258865	-1.46502200	-2.31504100
24.55758865	-1.57184700	-2.25094600
24.58258865	-1.15980900	-2.27994100
24.60758865	-0.32047370	-2.39897400
24.63258865	0.16786720	-2.39897400
24.65758864	0.21364910	-2.27994100
24.68258864	0.47308020	-2.24942000
24.70758864	0.83933580	-2.30435800
24.73258864	1.25137300	-2.31656700
24.75758864	1.63289000	-2.28909800
24.78258864	1.83127800	-2.28757200
24.80758864	1.78549600	-2.30588400
24.83258863	1.77023600	-2.33793200
24.85758863	1.73971400	-2.37760900
24.88258863	1.84653900	-2.37608300
24.90758863	2.06018800	-2.32725000
24.93258863	2.16701200	-2.33945800
24.95758863	2.13649100	-2.41423500
24.98258863	2.12123000	-2.39592200
25.00758862	2.07544900	-2.29520200
25.03258862	2.30435800	-2.20516400
25.05758862	2.77743800	-2.13496500
25.08258862	2.77743800	-2.10749600
25.10758862	2.31961900	-2.12733500
