0.100000E-02 0.530280E-05 0.745907E-04 0.798935E-04 100.000    
0.200000E-02 0.820485E-05 0.133898E-03 0.142103E-03 100.000    
0.400000E-02 0.128761E-04 0.237480E-03 0.250356E-03 100.000    
0.600000E-02 0.168697E-04 0.329876E-03 0.346745E-03 100.000    
0.800000E-02 0.204921E-04 0.415123E-03 0.435615E-03 100.000    
0.100000E-01 0.238671E-04 0.495128E-03 0.518995E-03 100.000    
0.120000E-01 0.270601E-04 0.570988E-03 0.598048E-03 100.000    
0.140000E-01 0.301113E-04 0.643461E-03 0.673572E-03 100.000    
0.160000E-01 0.330472E-04 0.713043E-03 0.746090E-03 100.000    
0.180000E-01 0.358868E-04 0.780125E-03 0.816012E-03 100.000    
0.200000E-01 0.386439E-04 0.845006E-03 0.883650E-03 100.000    
0.220000E-01 0.413294E-04 0.907907E-03 0.949236E-03 100.000    
0.240000E-01 0.439517E-04 0.969041E-03 0.101299E-02 100.000    
0.260000E-01 0.465177E-04 0.102856E-02 0.107508E-02 100.000    
0.280000E-01 0.490330E-04 0.108658E-02 0.113561E-02 100.000    
0.300000E-01 0.515023E-04 0.114323E-02 0.119473E-02 100.000    
0.320000E-01 0.539295E-04 0.119861E-02 0.125254E-02 100.000    
0.340000E-01 0.563181E-04 0.125279E-02 0.130910E-02 100.000    
0.360000E-01 0.586709E-04 0.130585E-02 0.136452E-02 100.000    
0.380000E-01 0.609906E-04 0.135786E-02 0.141885E-02 100.000    
0.400000E-01 0.632793E-04 0.140886E-02 0.147214E-02 100.000    
0.420000E-01 0.655390E-04 0.145894E-02 0.152448E-02 100.000    
0.440000E-01 0.677716E-04 0.150810E-02 0.157587E-02 100.000    
0.460000E-01 0.699786E-04 0.155642E-02 0.162639E-02 100.000    
0.480000E-01 0.721613E-04 0.160388E-02 0.167604E-02 100.000    
0.500000E-01 0.743212E-04 0.165060E-02 0.172492E-02 100.000    
0.520000E-01 0.764594E-04 0.169656E-02 0.177302E-02 100.000    
0.540000E-01 0.785769E-04 0.174180E-02 0.182038E-02 100.000    
0.560000E-01 0.806747E-04 0.178634E-02 0.186701E-02 100.000    
0.580000E-01 0.827537E-04 0.183021E-02 0.191297E-02 100.000    
0.600000E-01 0.848148E-04 0.187343E-02 0.195825E-02 100.000    
0.620000E-01 0.868586E-04 0.191603E-02 0.200289E-02 100.000    
0.640000E-01 0.888860E-04 0.195801E-02 0.204690E-02 100.000    
0.660000E-01 0.908975E-04 0.199939E-02 0.209029E-02 100.000    
0.680000E-01 0.928937E-04 0.204022E-02 0.213311E-02 100.000    
0.700000E-01 0.948753E-04 0.208050E-02 0.217538E-02 100.000    
0.720000E-01 0.968428E-04 0.212021E-02 0.221705E-02 100.000    
0.740000E-01 0.987965E-04 0.215939E-02 0.225819E-02 100.000    
0.760000E-01 0.100737E-03 0.219809E-02 0.229883E-02 100.000    
0.780000E-01 0.102665E-03 0.223626E-02 0.233892E-02 100.000    
0.800000E-01 0.104581E-03 0.227395E-02 0.237853E-02 100.000    
