
Rsci=1.5 Z= (-3,-1,5)
Accepred events: 2500    
Initial events 1434489
Efficiency  0.174278                
Rate, Hz 3485.56 +- 69.7112  
0    523 398                                                  
0.5  511 403                                                
2    480 432                                                  
5    502 495                                                  
10   484 484                                                 


Rsci = 1.5 upstream
Rsci = 3.0 downstream
 Z= (-3,-1,5)
2500    1434489 0.174278                3485.56 +- 69.7112
0   523 139
0.5 511 203
2   480 311
5   502 451
10  484 481


4.5
2500    1434489 0.174278                3485.56 +- 69.7112
0  523 13
0.5  511 42
2  480 144
5  502 331
10  484 449



 ----------------------------------------
 |  Cond. | Rate Q2, Hz | Rate trg., Hz |
 ----------------------------------------
 |  No AC |    0.030    |     3486      |
 | 1.5 mm |    0.026    |     2653      |
 | 3.0 mm |    0.017    |      926      |
 | 4.5 mm |    0.009    |       86      |
 ----------------------------------------

Fibre

2500    2722782 0.0918179               1836.36 +- 36.7271
0  506 223
0.5  502 289
2  491 387
5  492 476
10  509 508


